   1.0000000000000000        
   1.0000000000000004        
   1.0000000000000000       
   0.99999999999999967        
   1.0000000000000002        
   1.0000000000000002        
   1.0000000000000004       
   0.99999999999999989        
   1.0000000000000000        
   1.0000000000000002        
   1.0000000000000002        
   1.0000000000000000       
   0.99999999999999878       
   0.99999723270305141       
   0.99097377633556138       
   0.82297596581196264       
   0.47091429385686140       
   0.20850090915274030        
   8.2087027136229312E-002   
   3.0662643746636777E-002   
   1.1028167175528491E-002   
   3.7054043773360663E-003   
   9.9788935626099842E-004   
   0.0000000000000000     
