  0.99999999999999989       
  0.99999999999998457       
  0.99999999840030340       
  0.99999971605038729       
  0.99999643999313970       
  0.99998645823976284       
  0.99996697403570023       
  0.99993946319959537       
  0.99986507612643571       
  0.99969998443810837       
  0.99918286419790925       
  0.99768972485687668       
  0.99274926777902484       
  0.97502225192124226       
  0.91070127552646962       
  0.78853529926006094       
  0.65822149158167920       
  0.57036030916984515       
  0.52792628227098470       
  0.51053719869203451       
  0.50387381155287680       
  0.50138505806491784       
  0.50046435967397840       
  0.50012495482431318       
  0.50000000000000400     
