   3.0884078135270945E-009   
   3.0883985018905603E-009   
   2.2677658641654178E-009  
   -1.0999834975000691E-007  
   -1.0206585681038275E-006  
   -2.6924370286708483E-006  
   -4.5135606954584368E-006  
   -6.2367842398185526E-006  
   -1.9980751443006423E-005  
   -4.2999989425311592E-005  
   -1.4386813877813917E-004  
   -4.1710500720277882E-004  
   -1.3746419149537480E-003  
   -5.2119264755703587E-003  
   -1.7753820061133765E-002  
   -2.8437102086617944E-002  
   -2.2238632800013272E-002  
   -1.1260718273435007E-002  
   -4.6828921527206193E-003  
   -1.7971629573429828E-003  
   -6.6480505738446076E-004  
   -2.3823807295417508E-004  
   -7.9938452409693956E-005  
   -2.1516182636917094E-005   
   1.5442046770393478E-009
