  0.49999877622222705       
  0.99999992333419541       
  0.99999944166918342       
  0.99999666300491485       
  0.99998626143405767       
  0.99995995712904795       
  0.99991069338724770       
  0.99981430478083955       
  0.99958053119698642       
  0.99891279798064603       
  0.99693122913392251       
  0.99054125881299926       
  0.96993527739806951       
  0.90634871623118196       
  0.75320007485621188       
  0.50001545244927936       
  0.24497288076157400        
  8.5230782031575594E-002   
  2.3490623375309862E-002   
  6.4791946647541881E-003   
  2.0023620196699858E-003   
  6.7970555085439450E-004   
  2.4204485238261261E-004   
  8.8709065748534649E-005   
  6.2481660791539379E-005
