           1  0.99999992639492719     
           2  0.99999994138638382     
           3  0.99999995497026883     
           4  0.99999996955320791     
           5  0.99999999122430805     
           6  0.99999999913986415     
           7  0.99999999990443567     
           8  0.99999999998323452     
           9  0.99999999999518308     
          10  0.99999999999772238     
          11  0.99999999999822553     
          12  0.99999999999772238     
          13  0.99999999999518308     
          14  0.99999999998323452     
          15  0.99999999990443567     
          16  0.99999999913986415     
          17  0.99999999122430805     
          18  0.99999996955320791     
          19  0.99999995497026883     
          20  0.99999994138638382     
          21  0.99999992639492719     
