   1.0000000000000000
   1.0000000000000004
   1.0000000000000000
   0.99999999999999956
   1.0000000000000004
   1.0000000000000004
   1.0000000000000004
   1.0000000000000000        
   1.0000000000000000
   1.0000000000000004 
   1.0000000000000004        
   1.0000000000000002       
   0.99999999999999922       
   0.99999861635152576       
   0.99548688816778097       
   0.91148798290598132       
   0.73545714692843067       
   0.60425045457637006       
   0.54104351356811453       
   0.51533132187331820       
   0.50551408358776406       
   0.50185270218866784       
   0.50049894467813028       
   0.50000000000002043     