  0.99999972060268472       
  0.99999951991624592       
  0.99999869499507266       
  0.99999645261417258       
  0.99999035709734030       
  0.99997378707323081       
  0.99992873996849663       
  0.99980625148936819       
  0.99947301432402835       
  0.99856512055416680       
  0.99608197880861860       
  0.98921955990164034       
  0.96973400824056755       
  0.91067339382637968       
  0.73166022605866621       
  0.43042190953441978       
  0.19562351556617366        
  7.8245926751651179E-002   
  2.9709073009313584E-002   
  1.1058365326089638E-002   
  4.0858068576319732E-003   
  1.5054929515369441E-003   
  5.6018092181321774E-004   
  0.0000000000000000     
