   0.0000000000000000        
   1.0000004800829054        
   1.0000013049986556        
   1.0000035473394846        
   1.0000096425602347        
   1.0000262103965702        
   1.0000712413357169        
   1.0001936103664137        
   1.0005259649205922        
   1.0014273370270725        
   1.0038622898360336        
   1.0103686379872219        
   1.0272231628739203        
   1.0668940455252907        
   1.1294700720298538        
   1.0491337822522935       
   0.59552626356327609       
   0.18220751628055137        
   3.8499891118827886E-002   
   7.6225563277153990E-003   
   1.7333335377229808E-003   
   4.8225144149010527E-004   
   1.5583148903675200E-004   
   4.9902766001285088E-004
