  0.49999986030134236       
  0.99999999999957567       
  0.99999999999686406       
  0.99999999997682854       
  0.99999999982878751       
  0.99999999873490053       
  0.99999999065210676       
  0.99999993092789097       
  0.99999948962231033       
  0.99999622879061967       
  0.99997213432232612       
  0.99979409894443116       
  0.99847858555724400       
  0.98878371967583512       
  0.93056514904426002       
  0.73977784589335660       
  0.39557488956472486       
  0.13022672151610126        
  3.4104482064070733E-002   
  9.3404608269025188E-003   
  2.9095701976774770E-003   
  9.9387219651352466E-004   
  3.5800620542498487E-004   
  2.4951383000642544E-004
