   1.0000000000000000        
   1.0000000000044409        
   1.0000000000000000       
   0.99999999999555911        
   1.0000000000044409        
   1.0000000000044409        
   1.0000000000044404        
   1.0000000000000000        
   1.0000000000000000        
   1.0000000000042795        
   1.0000000000034732        
   1.0000000000007259       
   0.99999999999952061       
   0.99987772950017595       
   0.93509569487703725       
   0.65999046835897179       
   0.56239559924217308       
   0.54504920353063557       
   0.52488756608213705       
   0.51081099492737247       
   0.50412088135365174       
   0.50140702878074617       
   0.50037004204536106       
   0.49992523690814872        
   1.0000000000000000        
   1.0000000000044409        
   1.0000000000000000       
   0.99999999999555911        
   1.0000000000044409        
   1.0000000000044409        
   1.0000000000044404        
   1.0000000000000000        
   1.0000000000000000        
   1.0000000000042795        
   1.0000000000034732        
   1.0000000000007259       
   0.99999999999952061       
   0.99987772950017595       
   0.93509569487703725       
   0.65999046835897179       
   0.56239559924217308       
   0.54504920353063557       
   0.52488756608213705       
   0.51081099492737247       
   0.50412088135365174       
   0.50140702878074617       
   0.50037004204536106       
   0.49992523690814872     
