   3269017.3724721107        
   1202604.2841647768        
   442413.39200892049        
   162754.79141900392        
   59874.141715197817        
   22026.465794806718        
   8103.0839275753842        
   2980.9579870417283        
   1096.6331584284585        
   403.42879349273511        
   148.41315910257660        
   54.598150033144236        
   20.085536923187668        
   7.3890560989306504        
   2.7182818284590451        
   1.0000000000000000       
   0.36787944117144233       
   0.13533528323661270        
   4.9787068367863944E-002   
   1.8315638888734179E-002   
   6.7379469990854670E-003   
   2.4787521766663585E-003   
   9.1188196555451624E-004   
   3.3546262790251185E-004